# CUFSM model export - lipped channel upright C100x90x18x2 (mm)
# replace with your real CUFSM mesh incl. corners & perforations
[nodes]   # id, x, y
1, 90.0, 18.0
2, 90.0, 9.0
3, 90.0, 0.0
4, 75.0, 0.0
5, 60.0, 0.0
6, 45.0, 0.0
7, 30.0, 0.0
8, 15.0, 0.0
9, 0.0, 0.0
10, 0.0, 12.5
11, 0.0, 25.0
12, 0.0, 37.5
13, 0.0, 50.0
14, 0.0, 62.5
15, 0.0, 75.0
16, 0.0, 87.5
17, 0.0, 100.0
18, 15.0, 100.0
19, 30.0, 100.0
20, 45.0, 100.0
21, 60.0, 100.0
22, 75.0, 100.0
23, 90.0, 100.0
24, 90.0, 91.0
25, 90.0, 82.0
[elements]   # id, node_i, node_j, thickness
1, 1, 2, 2.0
2, 2, 3, 2.0
3, 3, 4, 2.0
4, 4, 5, 2.0
5, 5, 6, 2.0
6, 6, 7, 2.0
7, 7, 8, 2.0
8, 8, 9, 2.0
9, 9, 10, 2.0
10, 10, 11, 2.0
11, 11, 12, 2.0
12, 12, 13, 2.0
13, 13, 14, 2.0
14, 14, 15, 2.0
15, 15, 16, 2.0
16, 16, 17, 2.0
17, 17, 18, 2.0
18, 18, 19, 2.0
19, 19, 20, 2.0
20, 20, 21, 2.0
21, 21, 22, 2.0
22, 22, 23, 2.0
23, 23, 24, 2.0
24, 24, 25, 2.0
